        50.0000         0.0111        11.8241        13.0873        13.7819        14.6046        14.8840        15.3103        15.4798        15.7620
        48.3237         0.0135         9.1759        11.2788        12.2398        13.2928        13.6359        14.1486        14.3493        14.6801
        46.5315         0.0087        14.2525         9.7212        11.0534        12.3586        12.7636        13.3556        13.5839        13.9564
        45.4224         0.0152        10.9295         7.9127         9.9466        11.5721        12.0445        12.7181        12.9735        13.3861
        44.6042         0.0099         8.1491        15.8820         8.7602        10.8510        11.4019        12.1644        12.4479        12.9011
        43.9497         0.0122        12.8509        12.6713         7.2181        10.1490        10.7968        11.6602        11.9741        12.4695
        43.4011         0.0070        10.0705        10.9641         1.0000         9.4279        10.2032        11.1856        11.5330        12.0738
        42.9268         0.0166         6.7475         9.3980        13.5162         8.6414         9.5981        10.7268        11.1124        11.7026
        42.5077         0.0105        15.9910         7.4428        12.0582         7.7072         8.9555        10.2732        10.7029        11.3482
        42.1313         0.0128        11.5172        14.8195        10.8942         6.3954         8.2364         9.8144        10.2971        11.0048
        41.7891         0.0079         8.8550        12.2918         9.7859        17.8689         7.3641         9.3398         9.8876        10.6676
        41.4748         0.0143        13.7107        10.6542         8.5723        14.4543         6.1160         8.8356         9.4670        10.3324
        41.1837         0.0093        10.6428         9.0622         6.9252        13.1979         1.0000         8.2819         9.0259         9.9952
        40.9124         0.0116         7.7462         6.8879        15.8531        12.2827        14.7615         7.6444         8.5521         9.6518
        40.6580         0.0056        12.4848        14.1121        13.2713        11.5047        13.5602         6.8514         8.0265         9.2974
        40.4183         0.0178         9.7800        11.9378        11.8819        10.7870        12.7042         5.6897         7.4161         8.9262
        40.1915         0.0108         6.0544        10.3458        10.7361        10.0848        11.9930         1.0000         6.6507         8.5305
        39.9762         0.0132        14.9456         8.7082         9.6233         9.3599        11.3544        15.2216         5.5202         8.0989
        39.7710         0.0083        11.2200         6.1805         8.3769         8.5643        10.7511        14.0952         1.0000         7.6139
        39.5750         0.0147         8.5152        13.5572         6.5957         7.6096        10.1573        13.3148        15.4021         7.0436
        39.3872         0.0096        13.2538        11.6020        15.2483         6.2345         9.5504        12.6837        14.3030         6.3199
        39.2068         0.0119        10.3572        10.0359        13.0428        17.0523         8.9036        12.1336        13.5488         5.2380
        39.0334         0.0064         7.2893         8.3287        11.7100        14.3128         8.1762        11.6316        12.9441        19.4026
        38.8661         0.0158        12.1450         5.1180        10.5786        13.1055         7.2864        11.1583        12.4219        15.7001
        38.7046         0.0102         9.4828        17.9055         9.4582        12.2079         5.9860        10.7001        11.9502        14.6437
        38.5484         0.0125         5.0090        13.0005         8.1725        11.4378        17.4553        10.2464        11.5105        13.9292
        38.3971         0.0075        17.4053        11.2153         6.2140        10.7231        14.6454         9.7871        11.0906        13.3635
        38.2504         0.0139        11.7205         9.6573        14.7860        10.0204        13.4862         9.3111        10.6815        12.8813
        38.1079         0.0090         9.0707         7.8238        12.8275         9.2914        12.6456         8.8047        10.2757        12.4517
        37.9694         0.0114        14.0596        15.6172        11.5418         8.4861        11.9419         8.2472         9.8658        12.0572
        37.8345         0.0044        10.8336        12.5929        10.4214         7.5090        11.3071         7.6031         9.4443        11.6869
        37.7032         0.0188         8.0196        10.9018         9.2900         6.0611        10.7053         6.7969         9.0019        11.3331
        37.5751         0.0109        12.7254         9.3320         7.9572        16.5362        10.1114         5.5968         8.5259        10.9901
        37.4501         0.0133         9.9742         7.3400         5.7517        14.1790         9.5024        18.0667         7.9969        10.6530
        37.3280         0.0085         6.5385        14.6599        14.4043        13.0154         8.8511        15.1367         7.3806        10.3178
        37.2086         0.0149        15.5751        12.2192        12.6231        12.1341         8.1150        14.0429         6.6035         9.9804
        37.0919         0.0098        11.4172        10.5925        11.3767        11.3713         7.2065        13.2745         5.4393         9.6366
        36.9776         0.0121         8.7442         8.9931        10.2639        10.6593         5.8475        12.6495        18.3089         9.2816
        36.8656         0.0067        13.5509         6.7619         9.1181         9.9558        16.9637        12.1029        15.3274         8.9096
        36.7558         0.0162        10.5476        13.9920         7.7287         9.2223        14.5349        11.6031        14.2575         8.5125
        36.6482         0.0104         7.6010        11.8694         5.1469         8.4064        13.4139        11.1310        13.5141         8.0791
        36.5426         0.0127        12.3690        10.2841        14.0748         7.4050        12.5879        10.6734        12.9149         7.5912
        36.4389         0.0077         9.6818         8.6347        12.4277         5.8722        11.8912        10.2196        12.3960         7.0160
        36.3371         0.0141         5.7644         6.0084        11.2141        16.1493        11.2600         9.7596        11.9264         6.2829
        36.2370         0.0092        14.6906        13.4577        10.1058        14.0519        10.6597         9.2824        11.4880         5.1738
        36.1386         0.0115        11.1226        11.5365         8.9418        12.9274        10.0654         8.7736        11.0689        18.7113
        36.0418         0.0051         8.3965         9.9734         7.4838        12.0612         9.4542         8.2121        10.6602        15.6402
        35.9465         0.0171        13.1145         8.2488         4.2121        11.3052         8.7983         7.5612        10.2543        14.6078
        35.8527         0.0107        10.2619         4.8060        13.7819        10.5955         8.0530         6.7413         9.8440        13.9022
        35.7604         0.0130         7.1203        17.0924        13.7425         9.8910         7.1244         5.4993         9.4217        13.3411
        35.6694         0.0081        12.0362        12.9156        12.2135         9.1525         5.6988        17.6085         8.9778        12.8617
        35.5798         0.0145         9.3818        11.1522        11.0306         8.3254        16.5970        15.0552         8.4996        12.4339
        35.4914         0.0095         4.4584         9.5931         9.9238         7.2974        14.4294        13.9916         7.9670        12.0407
        35.4042         0.0118        16.5416         7.7325         8.7337         5.6641        13.3433        13.2347         7.3447        11.6712
        35.3183         0.0060        11.6182        15.3857         7.1781        15.8354        12.5308        12.6156         6.5554        11.3180
        35.2334         0.0155         8.9638        12.5158        16.6161        13.9305        11.8408        12.0725         5.3546        10.9753
        35.1497         0.0101        13.8797        10.8397        13.4800        12.8414        11.2131        11.5747        17.8627        10.6384
        35.0670         0.0124        10.7381         9.2655        12.0327        11.9892        10.6140        11.1038        15.2555        10.3032
        34.9854         0.0072         7.8855         7.2336        10.8716        11.2394        10.0193        10.6467        14.2128         9.9656
        34.9047         0.0137        12.6035        14.5109         9.7628        10.5318         9.4058        10.1929        13.4797         9.6215
        34.8250         0.0088         9.8774        12.1476         8.5448         9.8259         8.7448         9.7322        12.8860         9.2659
        34.7463         0.0112         6.3094        10.5308         6.8807         9.0821         7.9898         9.2535        12.3703         8.8929
        34.6684         0.0034        15.2356         8.9231        15.7536         8.2428         7.0398         8.7422        11.9027         8.4946
        34.5914         0.0197        11.3182         6.6293        13.2377         7.1857         5.5380         8.1768        11.4655         8.0592
        34.5153         0.0110         8.6310        13.8769        11.8571         5.4310        16.3008         7.5188        11.0472         7.5683
        34.4400         0.0134        13.3990        11.8016        10.7136        15.5690        14.3283         6.6843        10.6388         6.9882
        34.3655         0.0086        10.4524        10.2222         9.5999        13.8143        13.2740         5.3964        10.2328         6.2452
        34.2917         0.0151         7.4491         8.5600         8.3482        12.7572        12.4744        17.2687         9.8222         5.1072
        34.2188         0.0099        12.2558         5.8210         6.5449        11.9179        11.7909        14.9767         9.3989        18.2838
        34.1465         0.0121         9.5828        13.3612        15.1756        11.1741        11.1663        13.9412         8.9537        15.5821
        34.0750         0.0068         5.4249        11.4715        13.0113        10.4682        10.5684        13.1953         8.4731        14.5725
        34.0041         0.0164        14.4615         9.9108        11.6858         9.7606         9.9731        12.5819         7.9369        13.8754
        33.9339         0.0104        11.0258         8.1674        10.5562         9.0108         9.3571        12.0422         7.3083        13.3189
        33.8644         0.0127         8.2746         4.4212         9.4344         8.1586         8.6909        11.5464         6.5063        12.8422
        33.7955         0.0078        12.9804        16.5788         8.1424         7.0695         7.9257        11.0766         5.2659        12.4162
        33.7272         0.0142        10.1664        12.8326         6.1538         5.1646         6.9525        10.6200        17.5326        12.0242
        33.6596         0.0092         6.9404        11.0892        14.7274        15.3359         5.3623        10.1660        15.1861        11.6556
        33.5925         0.0116        11.9293         9.5285        12.7977        13.7026        16.0503         9.7046        14.1690        11.3029
        33.5260         0.0053         9.2795         7.6388        11.5180        12.6746        14.2312         9.2245        13.4458        10.9606
        33.4601         0.0174         3.5947        15.1790        10.3989        11.8475        13.2062         8.7108        12.8572        10.6239
        33.3947         0.0107        18.6235        12.4400         9.2657        11.1090        12.4187         8.1412        12.3447        10.2886
        33.3298         0.0131        11.7894        10.7778         7.9255        10.4045        11.7412         7.4759        11.8790         9.9508
        33.2655         0.0082         9.1410         9.1984         5.6762         9.6948        11.1197         6.6260        11.4431         9.6063
        33.2016         0.0146        14.1866         7.1231        14.3545         8.9388        10.5228         5.2874        11.0255         9.2501
        33.1383         0.0096        10.8975        14.3707        12.5947         8.0726         9.9267        16.9957        10.6174         8.8762
        33.0755         0.0119         8.1064        12.0769        11.3533         6.9481         9.3081        14.9011        10.2114         8.4765
        33.0131         0.0062        12.8086        10.4692        10.2413         4.8507         8.6364        13.8918         9.8003         8.0392
        32.9512         0.0156        10.0385         8.8524         9.0932        15.1278         7.8603        13.1564         9.3761         7.5453
        32.8897         0.0102         6.6798         6.4891         7.6949        13.5950         6.8623        12.5485         8.9294         6.9601
        32.8287         0.0124        15.8413        13.7664         5.0415        12.5936         5.1680        12.0120         8.4465         6.2069
        32.7681         0.0073        11.4837        11.7345        14.0310        11.7777        15.8320        11.5182         7.9066         5.0380
        32.7079         0.0138         8.8183        10.1603        12.4005        11.0442        14.1377        11.0495         7.2715        17.9685
        32.6481         0.0089        13.6565         8.4842        11.1910        10.3407        13.1397        10.5933         6.4561        15.5259
        32.5888         0.0113        10.6110         5.6143        10.0831         9.6287        12.3636        10.1392         5.1725        14.5378
        32.5298         0.0040         7.6985        13.2675         8.9162         8.8659        11.6919         9.6770        17.2679        13.8489
        32.4712         0.0182        12.4459        11.4069         7.4473         7.9846        11.0733         9.1953        15.1190        13.2968
        32.4130         0.0109         9.7473         9.8478         4.0180         6.8210        10.4772         8.6791        14.1258        12.8228
        32.3552         0.0132         5.9622         8.0844        18.2538         4.4638         9.8803         8.1052        13.4122        12.3985
        32.2977         0.0084        14.8572         3.9076        13.7036        14.9389         9.2588         7.4323        12.8287        12.0077
        32.2406         0.0148        11.1875        16.1940        12.1874        13.4910         8.5813         6.5663        12.3192        11.6400
        32.1839         0.0097         8.4760        12.7512        11.0078        12.5139         7.7938         5.1715        11.8554        11.2879
        32.1274         0.0120        13.2068        11.0266         9.9009        11.7086         6.7688        16.7661        11.4208        10.9458
        32.0713         0.0065        10.3255         9.4635         8.7072        10.9796         4.9497        14.8281        11.0039        10.6093
        32.0156         0.0160         7.2340         7.5423         7.1375        10.2769        15.6377        13.8432        10.5961        10.2740
        31.9601         0.0103        12.1085        14.9916        16.4615         9.5622        14.0475        13.1178        10.1900         9.9360
        31.9050         0.0126         9.4493        12.3653        13.4443         8.7921        13.0743        12.5153         9.7783         9.5911
        31.8502         0.0076         4.8450        10.7159        12.0073         7.8945        12.3091        11.9820         9.3533         9.2342
        31.7957         0.0140        17.0574         9.1306        10.8490         6.6872        11.6429        11.4901         8.9050         8.8594
        31.7415         0.0091        11.6863         7.0080         9.7397         3.9477        11.0269        11.0225         8.4198         8.4584
        31.6875         0.0114         9.0353        14.2381         8.5173        14.7655        10.4316        10.5667         7.8760         8.0191
        31.6339         0.0048        13.9983        12.0069         6.8354        13.3904         9.8337        10.1123         7.2342         7.5221
        31.5805         0.0168        10.8017        10.4075        15.6593        12.4357         9.2091         9.6494         6.4048         6.9316
        31.5274         0.0106         7.9754         8.7808        13.2045        11.6401         8.5256         9.1661         5.0740         6.1680
        31.4746         0.0129        12.6844         6.3401        11.8324        10.9152         7.7260         8.6472        17.0455         4.9659
        31.4220         0.0080         9.9420        13.6600        10.6911        10.2130         6.6717         8.0689        15.0541        17.7165
        31.3697         0.0144         6.4646        11.6680         9.5764         9.4953         4.6992         7.3881        14.0834        15.4712
        31.3177         0.0094        15.4551        10.0982         8.3194         8.7173        15.4620         6.5051        13.3789        14.5035
        31.2659         0.0117        11.3841         8.4071         6.4929         7.8021        13.9602         5.0475        12.8004        13.8227
        31.2143         0.0058         8.7067         5.3828        15.1054         6.5457        13.0102        16.5668        12.2938        13.2748
        31.1630         0.0153        13.4995        13.1762        12.9800         3.1311        12.2552        14.7574        11.8320        12.8034
        31.1119         0.0100        10.5159        11.3427        11.6616        20.2581        11.5942        13.7954        11.3985        12.3809
        31.0611         0.0123         7.5512         9.7847        10.5337        14.5905        10.9807        13.0797        10.9823        11.9913
        31.0105         0.0071        12.3310         7.9995         9.4105        13.2840        10.3860        12.4824        10.5747        11.6244
        30.9601         0.0136         9.6489         3.0945         8.1122        12.3517         9.7869        11.9521        10.1685        11.2728
        30.9099         0.0087         5.6577        19.5623         6.0919        11.5660         9.1592        11.4620         9.7564        10.9311
        30.8600         0.0111        14.6116        13.0698        14.6703        10.8452         8.4692        10.9954         9.3304        10.5947
        30.8102         0.0024        11.0903        11.2661        12.7681        10.1431         7.6567        10.5400         8.8805        10.2594
        30.7607         0.0206         8.3563         9.7084        11.4943         9.4217         6.5706        10.0855         8.3929         9.9212
        30.7113         0.0110        13.0693         7.8951        10.3764         8.6344         4.4030         9.6216         7.8451         9.5758
        30.6622         0.0134        10.2301        15.8258         9.2413         7.6985        15.3012         9.1367         7.1964         9.2184
        30.6133         0.0086         7.0617        12.6555         7.8934         6.3812        13.8756         8.6151         6.3524         8.8426
        30.5645         0.0151        12.0004        10.9516         5.5977        17.7704        12.9470         8.0323         4.9696         8.4402
        30.5160         0.0099         9.3478         9.3849        14.3056        14.4411        12.2017         7.3433        16.8528         7.9989
        30.4676         0.0122         4.2225         7.4226        12.5665        13.1894        11.5458         6.4422        14.9911         7.4987
        30.4194         0.0069        16.3368        14.7866        11.3300        12.2759        10.9346         4.9139        14.0416         6.9029
        30.3714         0.0165        11.5844        12.2772        10.2188        11.4986        10.3403        16.3902        13.3460         6.1283
        30.3236         0.0105         8.9278        10.6418         9.0682        10.7812         9.7400        14.6889        12.7722         4.8906
        30.2760         0.0128        13.8223         9.0484         7.6606        10.0789         9.1088        13.7485        12.2685        17.5052
        30.2285         0.0078        10.7063         6.8631         4.9292         9.3537         8.4121        13.0420        11.8085        15.4181
        30.1812         0.0142         7.8397        14.0877        13.9879         8.5573         7.5861        12.4497        11.3762        14.4697
        30.1341         0.0093        12.5636        11.9241        12.3734         7.6006         6.4651        11.9224        10.9607        13.7967
        30.0871         0.0116         9.8450        10.3335        11.1680         6.2193         4.0363        11.4341        10.5534        13.2530
        30.0403         0.0055         6.2277         8.6936        10.0604        16.9972        15.1525        10.9684        10.1470        12.7842
        29.9936         0.0176        15.1343         6.1472         8.8905        14.3004        13.7935        10.5133         9.7344        12.3634
        29.9471         0.0108        11.2854        13.5370         7.4102        13.0972        12.8850        10.0585         9.3074        11.9750
        29.9008         0.0131         8.5927        11.5888         3.7940        12.2011        12.1489         9.5938         8.8560        11.6088
        29.8546         0.0082        13.3499        10.0234        17.8049        11.4317        11.4976         9.1073         8.3658        11.2578
        29.8085         0.0146        10.4207         8.3128        13.6651        10.7173        10.8886         8.5828         7.8140        10.9164
        29.7626         0.0096         7.3967         5.0600        12.1613        10.0146        10.2947         7.9953         7.1581        10.5801
        29.7168         0.0119        12.2186        17.6986        10.9850         9.2851         9.6929         7.2978         6.2987        10.2448
        29.6712         0.0063         9.5496        12.9834         9.8780         8.4789         9.0581         6.3776         4.8583         9.9064
        29.6257         0.0157         5.2967        11.2027         8.6805         7.4996         8.3544         4.7689        16.6823         9.5606
        29.5804         0.0102        14.3898         9.6445         7.0963         6.0446         7.5138        16.2311        14.9299         9.2024
        29.5352         0.0125        10.9936         7.8057        16.3206        16.4969         6.3546        14.6224        14.0005         8.8257
        29.4901         0.0074         8.2332        15.5686        13.4090        14.1672         3.5447        13.7022        13.3134         8.4219
        29.4451         0.0138        12.9368        12.5774        11.9821        13.0073        15.0140        13.0047        12.7442         7.9785
        29.4003         0.0090        10.1345        10.8894        10.8264        12.1274        13.7136        12.4172        12.2434         7.4751
        29.3556         0.0113         6.8777         9.3188         9.7165        11.3652        12.8238        11.8927        11.7852         6.8739
        29.3110         0.0042        11.8941         7.3191         8.4895        10.6535        12.0964        11.4062        11.3540         6.0879
        29.2665         0.0185         9.2451        14.6293         6.7892         9.9500        11.4496        10.9415        10.9391         4.8118
        29.2222         0.0109         3.1264        12.2048        15.5697         9.2160        10.8427        10.4867        10.5320        17.3226
        29.1779         0.0133        17.8736        10.5802        13.1715         8.3991        10.2489        10.0316        10.1255        15.3665
        29.1338         0.0084        11.7549         8.9791        11.8077         7.3954         9.6456         9.5659         9.7123        14.4364
        29.0898         0.0149         9.1059         6.7359        10.6686         5.8542         9.0070         9.0776         9.2843        13.7709
        29.0459         0.0097        14.1223        13.9686         9.5529        16.1182         8.2958         8.5503         8.8313        13.2313
        29.0021         0.0120        10.8655        11.8558         8.2905        14.0406         7.4398         7.9580         8.3385        12.7651
        28.9585         0.0066         8.0632        10.2717         6.4398        12.9195         6.2385         7.2515         7.7826        12.3459
        28.9149         0.0161        12.7668         8.6198        15.0375        12.0546         2.7621         6.3111         7.1193        11.9586
        28.8714         0.0103        10.0064         5.9723        12.9491        11.2992        14.8840         4.6098         6.2438        11.5933
        28.8281         0.0126         6.6102        13.4382        11.6375        10.5898        14.8744        16.0861         4.7392        11.2428
        28.7848         0.0076        15.7033        11.5234        10.5112         9.8851        13.6300        14.5578        16.5290        10.9017
        28.7416         0.0140        11.4504         9.9609         9.3865         9.1462        12.7590        13.6567        14.8705        10.5656
        28.6985         0.0091         8.7814         8.2327         8.0817         8.3180        12.0405        12.9677        13.9599        10.2302
        28.6555         0.0115        13.6033         4.7360         6.0282         7.2874        11.3983        12.3849        13.2811         9.8915
        28.6127         0.0049        10.5793        16.9744        14.6146         5.6440        10.7933        11.8633        12.7165         9.5453
        28.5699         0.0169         7.6501        12.8989        12.7387        15.8095        10.1996        11.3784        12.2184         9.1865
        28.5271         0.0106        12.4073        11.1395        11.4707        13.9197         9.5944        10.9145        11.7620         8.8088
        28.4845         0.0129         9.7146         9.5802        10.3539        12.8337         8.9515        10.4600        11.3319         8.4036
        28.4420         0.0080         5.8657         7.7140         9.2168        11.9826         8.2318        10.0046        10.9175         7.9581
        28.3995         0.0144        14.7723        15.3426         7.8611        11.2335         7.3582         9.5380        10.5107         7.4514
        28.3572         0.0094        11.1550        12.5006         5.5158        10.5261         6.1062         9.0479        10.1040         6.8445
        28.3149         0.0117         8.4364        10.8273        14.2578         9.8200        18.1573         8.5176         9.6903         6.0467
        28.2727         0.0059        13.1603         9.2521        12.5384         9.0756        14.7524         7.9203         9.2612         4.7291
        28.2305         0.0154        10.2937         7.2118        11.3067         8.2352        13.5544         7.2046         8.8065        17.1614
        28.1885         0.0100         7.1777        14.4822        10.1962         7.1753        12.6997         6.2426         8.3111        15.3161
        28.1465         0.0123        12.0722        12.1334         9.0431         5.4083        11.9890         4.4332         7.7509        14.4036
        28.1046         0.0072         9.4156        10.5185         7.6260        15.5466        11.3508        15.9525         7.0800        13.7454
        28.0628         0.0136         4.6632         8.9091         4.8090        13.8039        10.7475        14.4949         6.1874        13.2098
        28.0210         0.0088        16.7775         6.6019        13.9454        12.7496        10.1538        13.6119         4.6107        12.7460
        27.9793         0.0112        11.6522        13.8545        12.3464        11.9115         9.5467        12.9311        16.3893        12.3285
        27.9377         0.0030         8.9996        11.7882        11.1450        11.1681         8.8995        12.3528        14.8126        11.9424
        27.8962         0.0192        13.9383        10.2098        10.0377        10.4624         8.1715        11.8339        13.9200        11.5778
        27.8547         0.0110        10.7699         8.5449         8.8646         9.7546         7.2803        11.3506        13.2491        11.2278
        27.8132         0.0134         7.9307         5.7813         7.3728         9.0043         5.9757        10.8877        12.6889        10.8870
        27.7719         0.0085        12.6437        13.3423         3.5274         8.1509        17.4107        10.4333        12.1935        10.5510
        27.7306         0.0150         9.9097        11.4585        17.4726         7.0587        14.6367         9.9775        11.7388        10.2155
        27.6894         0.0098         6.3884         9.8982        13.6272         5.1383        13.4806         9.5099        11.3097         9.8767
        27.6482         0.0121        15.3423         8.1510        12.1354        15.3161        12.6412         9.0180        10.8960         9.5300
        27.6070         0.0067        11.3511         4.3315        10.9623        13.6927        11.9380         8.4847        10.4893         9.1705
        27.5660         0.0163         8.6690        16.4941         9.8550        12.6672        11.3035         7.8822        10.0825         8.7918
        27.5250         0.0104        13.4488        12.8162         8.6536        11.8411        10.7018         7.1568         9.6681         8.3851
        27.4840         0.0127        10.4841        11.0767         7.0546        11.1031        10.1079         6.1719         9.2380         7.9375
        27.4431         0.0077         7.5005         9.5156        16.1910        10.3987         9.4987         4.2339         8.7816         7.4275
        27.4023         0.0141        12.2933         7.6197        13.3740         9.6888         8.8471        15.8285         8.2835         6.8148
        27.3615         0.0092         9.6159        15.1402        11.9569         8.9322         8.1103        14.4337         7.7189         6.0047
        27.3207         0.0115         5.5449        12.4250        10.8038         8.0646         7.2003        13.5677         7.0401         4.6420
        27.2800         0.0052        14.5354        10.7654         9.6933         6.9368         5.8364        12.8948         6.1295        17.0166
        27.2394         0.0172        11.0580         9.1849         8.4616         4.8191        16.9321        12.3209         4.4710        15.2670
        27.1987         0.0107         8.3156         7.1005         6.7422        15.1099        14.5266        11.8047        16.2608        14.3712
        27.1582         0.0130        13.0246        14.3436        15.4842        13.5854        13.4085        11.3230        14.7562        13.7200
        27.1177         0.0081        10.1983        12.0628        13.1389        12.5863        12.5834        10.8608        13.8807        13.1884
        27.0772         0.0145         7.0017        10.4568        11.7832        11.7714        11.8873        10.4067        13.2174        12.7270
        27.0367         0.0095        11.9647         8.8382        10.6461        11.0383        11.2564         9.9505        12.6615        12.3111
        26.9963         0.0118         9.3137         6.4601         9.5293        10.3349        10.6561         9.4818        12.1687        11.9261
        26.9560         0.0061         3.9426        13.7448         8.2613         9.6227        10.0618         8.9880        11.7157        11.5623
        26.9157         0.0156        16.1550        11.7212         6.3854         8.8593         9.4505         8.4515        11.2877        11.2128
        26.8754         0.0101        11.5507        10.1478        14.9718         7.9765         8.7942         7.8436        10.8745        10.8724
        26.8351         0.0124         8.8915         8.4689        12.9183         6.8091         8.0481         7.1082        10.4680        10.5364
        26.7949         0.0073        13.7660         5.5702        11.6135         4.4235         7.1180         6.0989        10.0609        10.2009
        26.7547         0.0137        10.6745        13.2490        10.4888        14.9226         5.6869         4.0043         9.6460         9.8618
        26.7146         0.0089         7.7932        11.3940         9.3625        13.4818        16.5721        15.7126         9.2148         9.5147
        26.6745         0.0113        12.5240         9.8352         8.0509        12.5068        14.4215        14.3740         8.7566         9.1545
        26.6344         0.0037         9.8125         8.0675         5.9625        11.7023        13.3379        13.5241         8.2558         8.7748
        26.5943         0.0180         6.1428         3.7791        14.5602        10.9737        12.5264        12.8588         7.6866         8.3667
        26.5543         0.0108        15.0378        16.1268        12.7095        10.2711        11.8370        12.2892         6.9995         7.9168
        26.5143         0.0132        11.2527        12.7351        11.4471         9.5562        11.2095        11.7755         6.0701         7.4034
        26.4743         0.0083         8.5541        11.0141        10.3314         8.7853        10.6105        11.2954         4.3177         6.7847
        26.4343         0.0148        13.3015         9.4505         9.1923         7.8862        10.0157        10.8340        16.1417         5.9618
        26.3944         0.0097        10.3890         7.5227         7.8285         6.6746         9.4021        10.3800        14.7013         4.5499
        26.3545         0.0120         7.3435        14.9560         5.4303         3.8905         8.7407         9.9234        13.8419        16.8849
        26.3146         0.0064        12.1817        12.3506        14.2108        14.7503         7.9849         9.4536        13.1860        15.2192
        26.2747         0.0159         9.5163        10.7036        12.5105        13.3814         7.0332         8.9578        12.6342        14.3392
        26.2349         0.0103         5.1587         9.1170        11.2835        12.4286         5.5250         8.4181        12.1440        13.6949
        26.1951         0.0126        14.3202         6.9844        10.1736        11.6339        16.2801         7.8047        11.6926        13.1671
        26.1552         0.0075        10.9615        14.2124         9.0179        10.9094        14.3207         7.0588        11.2656        12.7081
        26.1155         0.0139         8.1914        11.9931         7.5910        10.2072        13.2688         6.0233        10.8530        12.2938
        26.0757         0.0090        12.8936        10.3952         4.6794         9.4892        12.4701         3.7313        10.4466        11.9099
        26.0359         0.0114        10.1025         8.7664        13.9037         8.7104        11.7870        15.6036        10.0393        11.5469
        25.9962         0.0046         6.8134         6.3091        12.3195         7.7936        11.1627        14.3157         9.6238        11.1979
        25.9564         0.0167        11.8590        13.6391        11.1220         6.5325        10.5649        13.4812         9.1915        10.8577
        25.9167         0.0105         9.2106        11.6547        10.0150         3.0243         9.9695        12.8232         8.7315        10.5219
        25.8770         0.0129         2.3765        10.0857         8.8387        19.6218         9.3533        12.2578         8.2278        10.1863
        25.8373         0.0079        19.7076         8.3915         7.3349        14.5765         8.6867        11.7465         7.6540         9.8469
        25.7976         0.0143        11.8126         5.3329         3.1951        13.2753         7.9207        11.2678         6.9584         9.4993
        25.7579         0.0094         9.1642        13.1583        17.2060        12.3447         6.9457        10.8071         6.0089         9.1385
        25.7182         0.0117        14.2303        11.3299        13.5898        11.5598         5.3480        10.3533         4.1472         8.7577
        25.6785         0.0057        10.9188         9.7720        12.1095        10.8394        16.0325         9.8962        16.0304         8.3481
        25.6388         0.0153         8.1349         7.9823        10.9396        10.1373        14.2239         9.4253        14.6476         7.8960
        25.5992         0.0100        12.8367         2.8474         9.8320         9.4155        13.2010         8.9275        13.8036         7.3791
        25.5595         0.0123        10.0598        18.8820         8.6266         8.6275        12.4144         8.3844        13.1549         6.7543
        25.5198         0.0070         6.7251        13.0523         7.0121         7.6897        11.7374         7.7653        12.6071         5.9181
        25.4802         0.0135        15.9397        11.2534        16.0708         6.3670        11.1162         7.0084        12.1195         4.4521
        25.4405         0.0087        11.5060         9.6957        13.3394        17.6788        10.5193         5.9448        11.6696        16.7641
        25.4008         0.0111         8.8428         7.8774        11.9318        14.4279         9.9232         3.3915        11.2436        15.1724
        25.3612         0.0015        13.6925        15.7713        10.7812        13.1809         9.3043        15.5007        10.8315        14.3076
        25.3215         0.0214        10.6322        12.6398         9.6700        12.2690         8.6322        14.2587        10.4253        13.6700
        25.2818         0.0111         7.7304        10.9392         8.4335        11.4925         7.8553        13.4388        10.0177        13.1459
        25.2421         0.0135        12.4718         9.3717         6.6944        10.7754         6.8552        12.7879         9.6015        12.6893
        25.2024         0.0086         9.7691         7.4021        15.4023        10.0731         5.1521        12.2264         9.1680        12.2766
        25.1627         0.0152         6.0241        14.7543        13.1066         9.3475        15.8163        11.7176         8.7062        11.8937
        25.1230         0.0099        14.9158        12.2626        11.7587         8.5502        14.1307        11.2404         8.1996        11.5314
        25.0833         0.0122        11.2092        10.6295        10.6236         7.5915        13.1346        10.7804         7.6211        11.1829
        25.0436         0.0069         8.5022         9.0346         9.5057         6.2040        12.3594        10.3266         6.9166        10.8430
        25.0038         0.0165        13.2381         6.8382         8.2319        16.9442        11.6881         9.8690         5.9459        10.5073
        24.9641         0.0105        10.3467        14.0634         6.3297        14.2880        11.0697         9.3969         3.9545        10.1716
        24.9243         0.0128         7.2710        11.9103        14.9081        13.0890        10.4737         8.8971        15.9260         9.8320
        24.8845         0.0079        12.1328        10.3211        12.8878        12.1944         9.8767         8.3505        14.5952         9.4840
        24.8448         0.0142         9.4717         8.6789        11.5895        11.4257         9.2550         7.7255        13.7658         9.1224
        24.8049         0.0093         4.9561         6.1133        10.4663        10.7115         8.5770         6.9571        13.1240         8.7406
        24.7651         0.0116        17.2795        13.5170         9.3384        10.0087         7.7886         5.8633        12.5802         8.3294
        24.7253         0.0055        11.7091        11.5757         8.0200         9.2789         6.7614         2.9333        12.0950         7.8751
        24.6854         0.0177         9.0589        10.0109         5.8946         8.4717         4.9317        15.4032        11.6467         7.3546
        24.6455         0.0108        14.0390         8.2969        14.5071         7.4903        15.6236        14.2031        11.2217         6.7235
        24.6056         0.0131        10.8230         5.0000        12.6806         6.0280        14.0407        13.3969        10.8100         5.8733
        24.5657         0.0083         8.0049        17.5200        11.4236        16.4586        13.0694        12.7528        10.4039         4.3478
        24.5257         0.0147        12.7117        12.9663        10.3089        14.1555        12.3049        12.1953         9.9961        16.6522
        24.4857         0.0096         9.9635        11.1900         9.1676        12.9993        11.6392        11.6889         9.5792        15.1267
        24.4457         0.0119         6.5142         9.6317         7.7955        12.1208        11.0234        11.2129         9.1446        14.2765
        24.4057         0.0063        15.5343         7.7875         5.3407        11.3592        10.4281        10.7536         8.6808        13.6454
        24.3656         0.0158        11.4062        15.5212        14.1646        10.6477         9.8301        10.2999         8.1713        13.1249
        24.3255         0.0102         8.7317        12.5619        12.4827         9.9441         9.2053         9.8417         7.5878        12.6706
        24.2854         0.0125        13.5337        10.8770        11.2603         9.2097         8.5213         9.3684         6.8742        12.2594
        24.2453         0.0074        10.5370         9.3055        10.1510         8.3918         7.7207         8.8664         5.8810        11.8776
        24.2051         0.0138         7.5845         7.2979         8.9927         7.3857         6.6640         8.3163         3.7321        11.5160
        24.1649         0.0090        12.3563        14.5991         7.5557         5.8359         4.6783         7.6852        15.8275        11.1680
        24.1246         0.0113         9.6708        12.1904         4.5385        16.0878        15.4492         6.9048        14.5439        10.8284
        24.0843         0.0043         5.7295        10.5678        13.8625        14.0294        13.9536         5.7784        13.7285        10.4927
        24.0440         0.0186        14.6639         8.9652        12.2928        12.9117        13.0053         2.1977        13.0934        10.1570
        24.0037         0.0109        11.1118         6.7097        11.0991        12.0480        12.2510        15.3103        12.5535         9.8171
        23.9633         0.0133         8.3831        13.9454         9.9922        11.2932        11.5905        15.3050        12.0706         9.4686
        23.9228         0.0085        13.0994        11.8422         8.8126        10.5840        10.9772        14.1454        11.6239         9.1063
        23.8823         0.0149        10.2513        10.2593         7.2964         9.8792        10.3825        13.3532        11.1997         8.7234
        23.8418         0.0098         7.1009         8.6049         2.7462         9.1398         9.7833        12.7161        10.7886         8.3107
        23.8013         0.0121        12.0242         5.9355        16.9820         8.3105         9.1553        12.1625        10.3826         7.8541
        23.7606         0.0066         9.3705        13.4188        13.5527         7.2774         8.4649        11.6585         9.9745         7.3300
        23.7200         0.0161         4.3837        11.5104        12.0838         5.6237         7.6514        11.1840         9.5569         6.6924
        23.6793         0.0104        16.4704         9.9484        10.9169        15.7840         6.5626        10.7253         9.1210         5.8276
        23.6385         0.0127        11.6069         8.2165         9.8090        13.9090         4.3778        10.2716         8.6553         4.2359
        23.5977         0.0077         8.9518         4.6629         8.5995        12.8260        15.2893         9.8128         8.1428        16.5479
        23.5569         0.0140        13.8604        16.8653         6.9690        11.9761        13.8692         9.3381         7.5542        15.0819
        23.5160         0.0091        10.7275        12.8822        15.9585        11.2275        12.9422         8.8338         6.8310        14.2457
        23.4750         0.0115         7.8703        11.1270        13.3051        10.5203        12.1977         8.2799         5.8139        13.6209
        23.4340         0.0050        12.5901         9.5673        11.9068         9.8141        11.5420         7.6420         3.4674        13.1040
        23.3930         0.0170         9.8666         7.6953        10.7587         9.0692        10.9311         6.8483        15.7341        12.6519
        23.3518         0.0106         6.2825        15.3004         9.6467         8.2276        10.3368         5.6844        14.4937        12.2423
        23.3106         0.0130        15.2013        12.4854         8.4053         7.1649         9.7364        18.7437        13.6917        11.8615
        23.2694         0.0081        11.3073        10.8149         6.6455         5.3854         9.1049        15.2165        13.0631        11.5007
        23.2281         0.0144         8.6183         9.2387        15.3238        15.5244         8.4077        14.0921        12.5269        11.1531
        23.1868         0.0095        13.3825         7.1899        13.0745        13.7936         7.5806        13.3124        12.0463        10.8137
        23.1453         0.0118        10.4419        14.4538        11.7343        12.7420         6.4568        12.6816        11.6011        10.4781
        23.1038         0.0059         7.4317        12.1192        10.6011        11.9051         4.0039        12.1318        11.1778        10.1423
        23.0623         0.0154        12.2434        10.5062         9.4820        11.1622        15.1415        11.6299        10.7672         9.8021
        23.0207         0.0101         9.5717         8.8950         8.2023        10.4566        13.7872        11.1567        10.3612         9.4531
        22.9790         0.0123         5.3831         6.5742         6.2726         9.7486        12.8802        10.6985         9.9528         9.0901
        22.9372         0.0072        14.4373        13.8322        14.8462         8.9978        12.1448        10.2448         9.5345         8.7062
        22.8954         0.0136        11.0151        11.7747        12.8576         8.1431        11.4939         9.7855         9.0973         8.2919
        22.8535         0.0088         8.2609        10.1974        11.5656         7.0478        10.8851         9.3094         8.6297         7.8329
        22.8115         0.0112        12.9658         8.5298        10.4438         5.1116        10.2911         8.8029         8.1140         7.3051
        22.7695         0.0032        10.1557         5.7408         9.3142        15.2964         9.6892         8.2451         7.5203         6.6608
        22.7273         0.0194         6.9197        13.3234         7.9887        13.6827         9.0542         7.6006         6.7872         5.7808
        22.6851         0.0110        11.9175        11.4456         5.8244        12.6597         8.3499         6.7937         5.7445         4.1151
        22.6428         0.0134         9.2681         9.8856        14.4551        11.8347         7.5082         5.5912         3.1373        16.4501
        22.6005         0.0085         3.4562         8.1344        12.6518        11.0972         6.3459        18.0347        15.6454        15.0382
        22.5580         0.0150        18.3193         4.2363        11.4001        10.3929         3.4986        15.1318        14.4446        14.2153
        22.5155         0.0098        11.7779        16.4137        10.2864         9.6828        15.0037        14.0398        13.6553        13.5966
        22.4729         0.0121         9.1293        12.7998         9.1429         8.9256        13.7076        13.2722        13.0330        13.0832
        22.4301         0.0068        14.1650        11.0641         7.7623         8.0567        12.8192        12.6475        12.5004        12.6333
        22.3873         0.0163        10.8868         9.5026         5.2464         6.9255        12.0924        12.1011        12.0222        12.2252
        22.3445         0.0104         8.0921         7.6005        14.1193         4.7869        11.4459        11.6014        11.5783        11.8455
        22.3015         0.0127        12.7946        15.1020        12.4552        15.0921        10.8392        11.1294        11.1560        11.4853
        22.2584         0.0078        10.0278        12.4100        11.2372        13.5758        10.2454        10.6718        10.7457        11.1382
        22.2152         0.0141         6.6568        10.7530        10.1284        12.5790         9.6419        10.2181        10.3398        10.7991
        22.1719         0.0092        15.7941         9.1713         8.9673        11.7651         9.0031         9.7580         9.9311        10.4636
        22.1286         0.0116        11.4726         7.0776         7.5200        11.0324         8.2913         9.2807         9.5120        10.1276
        22.0851         0.0053         8.8060        14.3168         4.3839        10.3291         7.4341         8.7717         9.0736         9.7872
        22.0415         0.0173        13.6387        12.0488        13.8219         9.6167         6.2293         8.2101         8.6040         9.4377
        21.9979         0.0107        10.6004        10.4445        12.2663         8.8526         2.6758         7.5588         8.0851         9.0739
        21.9541         0.0130         7.6824         8.8239        11.0762         7.9684        20.0854         6.7379         7.4859         8.6889
        21.9102         0.0082        12.4330         6.4307         9.9694         6.7972        14.8647         5.4934         6.7425         8.2730
        21.8662         0.0146         9.7364        13.7234         8.7865         4.3821        13.6241        17.5859         5.6726         7.8116
        21.8221         0.0095         5.9305        11.7078         7.2575        14.9063        12.7544        15.0505         2.6911         7.2800
        21.7778         0.0118        14.8286        10.1354         2.0240        13.4725        12.0365        13.9886        15.5607         6.6288
        21.7335         0.0061        11.1767         8.4535        16.7879        12.4996        11.3946        13.2324        14.3965         5.7330
        21.6890         0.0156         8.4628         5.5250        13.7763        11.6961        10.7898        12.6136        13.6194         3.9834
        21.6444         0.0101        13.1912        13.2307        12.2361        10.9679        10.1961        12.0707        13.0031        16.3580
        21.5997         0.0124        10.3149        11.3811        11.0501        10.2653         9.5908        11.5731        12.4741        14.9953
        21.5549         0.0073         7.2154         9.8226         9.9433         9.5501         8.9475        11.1022        11.9981        14.1852
        21.5099         0.0137        12.0964         8.0506         8.7564         8.7786         8.2272        10.6451        11.5557        13.5725
        21.4648         0.0089         9.4381         3.6377         7.2124         7.8779         7.3523        10.1913        11.1342        13.0625
        21.4196         0.0113         4.7866        16.0622        16.7622         6.6620         6.0965         9.7305        10.7243        12.6149
        21.3743         0.0038        16.9580        12.7190        13.5110         3.8308        18.0816         9.2518        10.3185        12.2082
        21.3288         0.0181        11.6749        11.0016        12.0546        14.7353        14.7433         8.7404         9.9094        11.8295
        21.2832         0.0108         9.0234         9.4374        10.8910        13.3724        13.5487         8.1747         9.4895        11.4700
        21.2374         0.0132        13.9781         7.5029         9.7827        12.4216        12.6951         7.5163         9.0498        11.1233
        21.1915         0.0084        10.7911        14.9211         8.5683        11.6277        11.9851         6.6809         8.5781        10.7845
        21.1454         0.0148         7.9606        12.3358         6.9189        10.9035        11.3471         5.3902         8.0559        10.4490
        21.0992         0.0097        12.6708        10.6912        15.8385        10.2014        10.7440        17.2511         7.4512        10.1130
        21.0529         0.0120         9.9313         9.1033        13.2664         9.4831        10.1503        14.9722         6.6970         9.7722
        21.0064         0.0065         6.4395         6.9606        11.8783         8.7036         9.5430        13.9383         5.5979         9.4222
        20.9597         0.0159        15.4168        14.1870        10.7329         7.7850         8.8955        13.1930         1.9727         9.0576
        20.9129         0.0103        11.3731        11.9792         9.6200         6.5191         8.1668        12.5799        15.4798         8.6715
        20.8659         0.0126         8.6942        10.3828         8.3728         2.9077         7.2742        12.0404        15.4756         8.2540
        20.8188         0.0075        13.4825         8.7519         6.5885        19.2315         5.9653        11.5448        14.3468         7.7902
        20.7715         0.0139        10.5053         6.2776        15.2378        14.5626        17.3675        11.0750        13.5820         7.2546
        20.7240         0.0091         7.5344        13.6184        13.0382        13.2666        14.6281        10.6184        12.9719         6.5964
        20.6764         0.0114        12.3184        11.6415        11.7065        12.3378        13.4750        10.1645        12.4466         5.6839
        20.6286         0.0047         9.6379        10.0733        10.5754        11.5537        12.6367         9.7030        11.9728         3.8386
        20.5806         0.0168         5.6208         8.3759         9.4548        10.8336        11.9340         9.2227        11.5319        16.2709
        20.5324         0.0106        14.5859         5.2815         8.1682        10.1315        11.2999         8.7089        11.1112        14.9533
        20.4840         0.0129        11.0795        13.1404         6.2055         9.4094        10.6983         8.1391        10.7018        14.1555
        20.4355         0.0080         8.3428        11.3171        14.7775         8.6205        10.1043         7.4733        10.2959        13.5486
        20.3867         0.0143        13.0543         9.7593        12.8233         7.6809         9.4950         6.6225         9.8865        13.0419
        20.3378         0.0094        10.2195         7.9650        11.5384         6.3526         8.8430         5.2808         9.4658        12.5964
        20.2887         0.0117         7.0418         2.5381        10.4181        17.5932         8.1056        16.9812         9.0246        12.1912
        20.2393         0.0057        11.9885        18.4619         9.2865        14.4149         7.1941        14.8968         8.5507        11.8135
        20.1898         0.0153         9.3365        13.0350         7.9527        13.1725         5.8253        13.8889         8.0250        11.4547
        20.1400         0.0100         4.1350        11.2407         5.7411        12.2622        16.9011        13.1541         7.4143        11.1085
        20.0901         0.0123        16.2739         9.6829        14.3971        11.4864        14.5184        12.5465         6.6483        10.7698
        20.0399         0.0071        11.5732         7.8596        12.6191        10.7696        13.4030        12.0102         5.5161        10.4344
        19.9895         0.0136         8.9157        15.7185        11.3733        10.0673        12.5790        11.5166        18.9759        10.0983
        19.9389         0.0087        13.8034        12.6241        10.2607         9.3413        11.8834        11.0479        15.3981         9.7572
        19.8881         0.0111        10.6957        10.9267         9.1146         8.5431        11.2528        10.5918        14.3005         9.4067
        19.8370         0.0020         7.8242         9.3585         7.7239         7.5825        10.6526        10.1376        13.5469         9.0414
        19.7857         0.0201        12.5504         7.3816         5.1322         6.1886        10.0583         9.6754        12.9426         8.6541
        19.7341         0.0110         9.8342        14.7224        14.0685        16.8930         9.4468         9.1936        12.4206         8.2349
        19.6823         0.0134         6.1997        12.2481        12.4238        14.2756         8.7901         8.6772        11.9489         7.7687
        19.6303         0.0086        15.1016        10.6172        11.2108        13.0807         8.0433         8.1031        11.5093         7.2291
        19.5780         0.0151        11.2745         9.0208        10.1025        12.1877         7.1116         7.4297        11.0895         6.5636
        19.5254         0.0099         8.5799         6.8130         8.9381        11.4196         5.6749         6.5627        10.6804         5.6335
        19.4726         0.0122        13.3337        14.0394         7.4786        10.7057        16.5476         5.1645        10.2745         3.6774
        19.4195         0.0068        10.4101        11.8967         4.1858        10.0028        14.4136        16.7536         9.8647        16.1882
        19.3661         0.0164         7.3791        10.3088        18.8409         9.2726        13.3325        14.8239         9.4431        14.9121
        19.3125         0.0105        12.2063         8.6642        13.7369         8.4645        12.5221        13.8404         9.0006        14.1261
        19.2585         0.0128         9.5385         6.0789        12.2098         7.4810        11.8331        13.1156         8.5245        13.5249
        19.2043         0.0078         5.2518        13.4971        11.0273         6.0112        11.2059        12.5134         7.9953        13.0215
        19.1498         0.0142        14.3664        11.5626         9.9205        16.4212        10.6070        11.9802         7.3787        12.5781
        19.0950         0.0093        10.9829         9.9984         8.7299        14.1437        10.0122        11.4884         6.6010        12.1743
        19.0399         0.0116         8.2193         8.2810         7.1723        12.9912         9.3983        11.0209         5.4349        11.7976
        18.9844         0.0054        12.9223         4.9378        16.5930        12.1141         8.7366        10.5651        18.2810        11.4394
        18.9287         0.0175        10.1238        17.3623        13.4749        11.3532         7.9800        10.1108        15.3236        11.0936
        18.8726         0.0107         6.8565        12.9494        12.0291        10.6419         7.0266         9.6477        14.2551        10.7552
        18.8161         0.0131        11.8824        11.1774        10.8684         9.9382         5.5120         9.1644        13.5122        10.4199
        18.7594         0.0082         9.2336         9.6189         9.7595         9.2033        16.2597         8.6453        12.9134        10.0836
        18.7023         0.0146         2.9234         7.7693         8.5409         8.3845        14.3132         8.0668        12.3947         9.7422
        18.6448         0.0096        17.6984        15.4750         6.8742         7.3760        13.2635         7.3855        11.9251         9.3912
        18.5870         0.0119        11.7434        12.5465        15.7398         5.8176        12.4658         6.5014        11.4868         9.0250
        18.5288         0.0062         9.0942        10.8646        13.2329        16.0578        11.7832         5.0399        11.0678         8.6366
        18.4702         0.0157        14.1012         9.2922        11.8535        14.0182        11.1592        16.5559        10.6590         8.2158
        18.4112         0.0102        10.8549         7.2766        10.7104        12.9038        10.5614        14.7533        10.2531         7.7470
        18.3519         0.0125         8.0487        14.5693         9.5965        12.0415         9.9659        13.7926         9.8429         7.2033
        18.2921         0.0074        12.7529        12.1761         8.3441        11.2872         9.3496        13.0775         9.4205         6.5303
        18.2319         0.0138         9.9956        10.5555         6.5375        10.5782         8.6826        12.4804         8.9766         5.5819
        18.1713         0.0089         6.5865         8.9512        15.1654         9.8733         7.9157        11.9503         8.4982         3.4948
        18.1103         0.0113        15.6596         6.6832        13.0068         9.1334         6.9388        11.4604         7.9655        16.1094
        18.0488         0.0041        11.4393        13.9224        11.6823         8.3030         5.3337        10.9938         7.3428        14.8717
        17.9869         0.0183         8.7690        11.8287        10.5530         7.2674        16.0149        10.5384         6.5528        14.0971
        17.9245         0.0109        13.5857        10.2470         9.4310         5.6033        14.2166        10.0839         5.3500        13.5013
        17.8617         0.0133        10.5687         8.5900         8.1381        15.7588        13.1959         9.6200        17.8431        13.0011
        17.7984         0.0084         7.6338         5.8980         6.1451        13.8983        12.4102         9.1350        15.2518        12.5598
        17.7345         0.0148        12.3945        13.3995        14.7191        12.8183        11.7336         8.6132        14.2105        12.1574
        17.6702         0.0097         9.7037        11.4974        12.7935        11.9697        11.1126         8.0302        13.4779        11.7816
        17.6053         0.0120         5.8325         9.9359        11.5147        11.2216        10.5158         7.3406        12.8845        11.4242
        17.5399         0.0066        14.7447         8.2002        10.3957        10.5145         9.9196         6.4385        12.3689        11.0788
        17.4740         0.0160        11.1442         4.5863         9.2622         9.8081         9.3005         4.9057        11.9014        10.7406
        17.4075         0.0103         8.4232        16.7637         7.9209         9.0627         8.6280        16.3804        11.4644        10.4053
        17.3404         0.0126        13.1450        12.8656         5.6652         8.2200         7.8502        14.6849        11.0461        10.0689
        17.2728         0.0076        10.2831        11.1144        14.3474         7.1545         6.8481        13.7457        10.6377         9.7272
        17.2045         0.0140         7.1587         9.5544        12.5907         5.3621         5.1361        13.0398        10.2317         9.3756
        17.1356         0.0091        12.0602         7.6766        11.3500        15.5025        15.8007        12.4477         9.8210         9.0087
        17.0661         0.0114         9.4043        15.2591        10.2381        13.7834        14.1236        11.9206         9.3977         8.6191
        16.9959         0.0048         4.5978        12.4702         9.0896        12.7345        13.1295        11.4324         8.9524         8.1966
        16.9250         0.0169        16.6948        10.8026         7.6900        11.8986        12.3552        10.9668         8.4717         7.7252
        16.8535         0.0106        11.6408         9.2253         5.0259        11.1563        11.6844        10.5118         7.9353         7.1773
        16.7812         0.0129         8.9877         7.1678        14.0248        10.4508        11.0661        10.0569         7.3064         6.4965
        16.7083         0.0080        13.9187        14.4258        12.3966         9.7427        10.4702         9.5922         6.5037         5.5288
        16.6345         0.0144        10.7593        12.1050        11.1877         8.9913         9.8731         9.1055         5.2611         3.2835
        16.5600         0.0094         7.9157        10.4938        10.0799         8.1353         9.2512         8.5809        17.5173        16.0341
        16.4847         0.0117        12.6303         8.8808         8.9125         7.0369         8.5728         7.9932        15.1825        14.8320
        16.4086         0.0058         9.8990         6.5462         7.4420         5.0845         7.7834         7.2951        14.1667        14.0684
        16.3316         0.0154         6.3624        13.8101         3.9880        15.2770         6.7541         6.3737        13.4440        13.4779
        16.2537         0.0100        15.3061        11.7613        18.1789        13.6729         4.9135         4.7599        12.8557        12.9809
        16.1750         0.0123        11.3401        10.1851        13.6980        12.6523        15.6096        16.2223        12.3433        12.5416
        16.0953         0.0071         8.6564         8.5146        12.1836        11.8284        14.0339        14.6186        11.8778        12.1406
        16.0146         0.0136        13.4321         5.6996        11.0045        11.0913        13.0644        13.6995        11.4420        11.7658
        15.9330         0.0088        10.4736        13.3047         9.8976        10.3871        12.3008        13.0025        11.0244        11.4089
        15.8503         0.0112         7.4835        11.4327         8.7034         9.6768        11.6354        12.4153        10.6163        11.0640
        15.7666         0.0027        12.2808         9.8730         7.1317         8.9190        11.0198        11.8910        10.2103        10.7260
        15.6817         0.0190         9.6049         8.1178        16.4406         8.0488        10.4246        11.4046         9.7991        10.3907
        15.5958         0.0110         5.5057         4.1347        13.4392         6.9140         9.8265        10.9399         9.3749        10.0542
        15.5086         0.0133        14.5105        16.3371        12.0037         4.7540         9.2015        10.4851         8.9281         9.7121
        15.4202         0.0085        11.0473        12.7835        10.8457        15.0745         8.5170        10.0300         8.4451         9.3600
        15.3306         0.0150         8.3020        11.0516         9.7364        13.5663         7.7154         9.5643         7.9050         8.9923
        15.2396         0.0098        13.0098         9.4896         8.5133        12.5717         6.6564         9.0759         7.2695         8.6015
        15.1473         0.0121        10.1876         7.5812         6.8288        11.7588         4.6571         8.5484         6.4534         8.1772
        15.0535         0.0067         6.9815        15.0645        15.6463        11.0265        15.4364         7.9558         5.1675         7.7032
        14.9582         0.0162        11.9529        12.3951        13.1997        10.3233        13.9470         7.2488        17.2552         7.1511
        14.8614         0.0104         9.3023        10.7407        11.8288         9.6106        13.0004         6.3071        15.1156         6.4622
        14.7630         0.0127         3.8359         9.1578        10.6879         8.8459        12.2469         4.5999        14.1236         5.4741
        14.6629         0.0077        16.0985         7.0546         9.5731         7.9602        11.5867        16.0779        13.4104         3.0315
        14.5611         0.0141        11.5395        14.2903         8.3153         6.7852        10.9736        14.5541        12.8272        15.9620
        14.4574         0.0092         8.8794        12.0348         6.4854         4.3396        10.3790        13.6540        12.3178        14.7931
        14.3518         0.0115        13.7474        10.4322        15.0956        14.8902         9.7797        12.9655        11.8542        14.0399
        14.2442         0.0051        10.6639         8.8095        12.9756        13.4633         9.1514        12.3830        11.4196        13.4547
        14.1344         0.0172         7.7776         6.4009        11.6582        12.4925         8.4605        11.8615        11.0027        12.9608
        14.0224         0.0107        12.5109        13.7021        10.5305        11.6899         7.6460        11.3768        10.5949        12.5235
        13.9081         0.0130         9.8017        11.6945         9.4071        10.9620         6.5547        10.9130        10.1888        12.1238
        13.7914         0.0081         6.1137        10.1230         8.1078        10.2595         4.3521        10.4584         9.7772        11.7499
        13.6720         0.0145        15.0066         8.4381         6.0829         9.5440        15.2776        10.0030         9.3521        11.3937
        13.5499         0.0095        11.2418         5.4788        14.6622         8.7718        13.8628         9.5363         8.9037        11.0492
        13.4249         0.0118         8.5412        13.2125        12.7639         7.8695        12.9374         9.0462         8.4184        10.7114
        13.2968         0.0060        13.2855        11.3683        11.4910         6.6494        12.1936         8.5157         7.8744        10.3761
        13.1655         0.0155        10.3784         9.8100        10.3732         3.7686        11.5383         7.9180         7.2322        10.0394
        13.0306         0.0101         7.3255         8.0337         9.2378        14.7204        10.9275         7.2018         6.4021         9.6971
        12.8921         0.0124        12.1694         3.4800         7.8888        13.3635        10.3333         6.2385         5.0687         9.3444
        12.7496         0.0072         9.5051        16.0000         5.5862        12.4145         9.7327         4.4221        17.0347         8.9758
        12.6029         0.0137         5.1102        12.7031        14.2987        11.6215         9.1011        15.9450        15.0507         8.5838
        12.4516         0.0089        14.2974        10.9891        12.5625        10.8977         8.4033        14.4913        14.0811         8.1578
        12.2954         0.0112        10.9509         9.4243        11.3267        10.1956         7.5750        13.6092        13.3772         7.6811
        12.1339         0.0035         8.1773         7.4830        10.2156         9.4769         6.4484        12.9289        12.7989         7.1246
        11.9666         0.0179        12.8793        14.8867         9.0646         8.6967         3.9708        12.3509        12.2925         6.4275
        11.7932         0.0108        10.0918        12.3211         7.6557         7.7765        15.1306        11.8322        11.8307         5.4179
        11.6128         0.0132         6.7916        10.6789         4.9126         6.5057        13.7810        11.3490        11.3973         2.7162
        11.4250         0.0083        11.8474         9.0897        13.9818         2.7791        12.8755        10.8861        10.9811        15.8928
        11.2290         0.0147         9.1990         6.9366        12.3695        18.9455        12.1408        10.4318        10.5736        14.7548
        11.0238         0.0097         1.9631        14.1618        11.1647        14.5488        11.4902         9.9760        10.1674        14.0118
        10.8085         0.0119        19.0369        11.9654        10.0572        13.2580        10.8815         9.5083         9.7552        13.4317
        10.5817         0.0064        11.8010        10.3705         8.8868        12.3309        10.2876         9.0163         9.3292        12.9408
        10.3420         0.0158         9.1526         8.7374         7.4049        11.5476         9.6856         8.4827         8.8792        12.5054
        10.0876         0.0102        14.2084         6.2457         3.7589        10.8277         9.0503         7.8799         8.3914        12.1071
         9.8163         0.0125        10.9082        13.5979        17.7520        10.1257         8.3454         7.1540         7.8435        11.7341
         9.5252         0.0075         8.1207        11.6283        13.6597         9.4032         7.5025         6.1677         7.1944        11.3785
         9.2109         0.0139        12.8227        10.0608        12.1576         8.6135         6.3371         4.2214         6.3496        11.0344
         8.8687         0.0090        10.0491         8.3602        10.9818         7.6720         3.4509        15.8214         4.9639        10.6968
         8.4923         0.0114         6.7026         5.2287         9.8747         6.3382        14.9935        14.4301        16.8434        10.3616
         8.0732         0.0045        15.8898        13.1226         8.6766        17.5127        13.7015        13.5651        14.9878        10.0247
         7.5989         0.0166        11.4949        11.3043         7.0904        14.4019        12.8145        12.8926        14.0394         9.6820
         7.0503         0.0105         8.8306         9.7466        16.3014        13.1640        12.0884        12.3191        13.3443         9.3288
         6.3958         0.0128        13.6745         7.9477        13.4039        12.2554        11.4423        11.8029        12.7707         8.9593
         5.5776         0.0079        10.6216         2.1180        11.9785        11.4803        10.8356        11.3214        12.2672         8.5661
         4.4685         0.0143         7.7145        18.1526        10.8231        10.7637        10.2419        10.8592        11.8073         8.1383
         2.6763         0.0093        12.4588        13.0177         9.7132        10.0614         9.6383        10.4051        11.3751         7.6589
